0 0.437117 0.746813 0.0537572 0.232697 0.712849
1 0.213835 0.875364 0.427144 0.0563391 0.688863
1 0.87323 0.709593 0.245623 0.0455436 0.573852
0 0.858446 0.806595 0.275425 0.169682 0.478648
0 0.440703 0.795435 0.0572386 0.32845 0.412071
0 0.775749 0.752323 0.448501 0.294329 0.377308
0 0.83873 0.770722 0.318084 0.236481 0.367411
0 0.204636 0.803704 0.0596217 0.101696 0.335215
0 0.116513 0.939973 0.0448975 0.064336 0.323188
0 0.452595 0.813305 0.0824025 0.368576 0.286127
0 0.567409 0.625552 0.0683551 0.054781 0.267013
