3 0.510243 0.232548 0.273882 0.16748 0.926775
4 0.449622 0.539812 0.0314812 0.0612968 0.797773
4 0.215455 0.61716 0.0351731 0.0599464 0.71833
1 0.665985 0.791167 0.658567 0.15233 0.66963
1 0.595536 0.346544 0.121885 0.0334164 0.656782
1 0.262938 0.491434 0.525876 0.0375819 0.604385
0 0.527673 0.427908 0.0227484 0.153096 0.584886
1 0.590019 0.348063 0.113217 0.0226853 0.563404
1 0.245361 0.219416 0.256435 0.0448793 0.550788
4 0.524232 0.323835 0.0240493 0.0340979 0.402683
4 0.527173 0.325229 0.0169099 0.0364794 0.400519
1 0.26971 0.491678 0.495308 0.0277197 0.358774
2 0.323376 0.603068 0.235601 0.191072 0.35045
0 0.0927433 0.156944 0.0891439 0.0638759 0.272991
4 0.524059 0.320277 0.0186311 0.0248655 0.266732
0 0.527267 0.421616 0.0274913 0.182099 0.261481
