0 0.436201 0.67279 0.0205748 0.0389837 0.569815
0 0.393037 0.65847 0.0150186 0.0365484 0.537079
0 0.307608 0.586719 0.0330071 0.0399416 0.529785
0 0.394903 0.658283 0.0212139 0.0423465 0.501551
0 0.389956 0.746289 0.0095052 0.0390345 0.466143
0 0.437148 0.675221 0.0243357 0.0592082 0.447142
0 0.454261 0.764176 0.0182493 0.05513 0.414591
0 0.387004 0.588018 0.0122892 0.0289133 0.404107
0 0.389653 0.748519 0.0131796 0.0407733 0.312588
0 0.440596 0.688808 0.0300911 0.0886988 0.294212
0 0.384975 0.58709 0.0177552 0.030258 0.281586
0 0.401261 0.978476 0.0119105 0.0373014 0.266625
0 0.474787 0.792024 0.06483 0.127545 0.252534
