3 0.75456 0.610617 0.227173 0.169731 0.673977
1 0.377466 0.885691 0.733234 0.113004 0.628967
0 0.591723 0.643038 0.0645164 0.0904656 0.5145
0 0.698334 0.796724 0.0789266 0.101383 0.505053
1 0.871017 0.842444 0.257966 0.065386 0.39776
1 0.430481 0.879355 0.860961 0.138526 0.365931
1 0.264616 0.555242 0.331369 0.0484261 0.339123
1 0.867598 0.847234 0.24298 0.047094 0.316592
3 0.795561 0.608497 0.315675 0.187399 0.299302
0 0.595152 0.643903 0.0814495 0.108038 0.273714
0 0.767 0.862726 0.211272 0.260249 0.273012
0 0.259907 0.728477 0.113236 0.11206 0.250387
