0 0.150577 0.95635 0.0656444 0.0837359 0.786775
0 0.273182 0.945226 0.0277751 0.106739 0.781921
0 0.488099 0.916861 0.0298267 0.157781 0.73652
0 0.0687348 0.880207 0.13747 0.221168 0.732839
0 0.327639 0.833058 0.0352831 0.122332 0.581246
0 0.450973 0.820197 0.0288509 0.108147 0.52678
0 0.431579 0.686963 0.0672588 0.155109 0.503854
0 0.19278 0.806003 0.122345 0.208977 0.501466
0 0.410275 0.925414 0.0460132 0.137543 0.458101
0 0.376082 0.703259 0.0174383 0.0710532 0.426409
0 0.374293 0.707692 0.0168108 0.0594433 0.380834
0 0.0725833 0.845697 0.137437 0.158257 0.366205
0 0.353372 0.649803 0.0126368 0.0358253 0.289682
0 0.331197 0.822097 0.0360463 0.145447 0.279599
0 0.451832 0.819811 0.0216421 0.100636 0.262215
0 0.335214 0.745207 0.0320881 0.0574507 0.261762
0 0.431556 0.701225 0.0616579 0.115735 0.255351
