3 0.460028 0.440906 0.418662 0.325992 0.956158
3 0.188083 0.0177469 0.151362 0.0337291 0.660622
0 0.465075 0.841922 0.0553596 0.310816 0.606666
1 0.576753 0.693447 0.180332 0.0417563 0.577606
4 0.478461 0.62957 0.0352168 0.0644273 0.574226
1 0.145895 0.421458 0.284093 0.0658177 0.557413
0 0.304536 0.1979 0.0260382 0.0888405 0.51473
3 0.196251 0.0143853 0.18185 0.0281046 0.325092
0 0.312999 0.173122 0.0368249 0.131507 0.319997
1 0.0922416 0.494967 0.182692 0.0359667 0.303237
1 0.0802183 0.498608 0.155011 0.0270317 0.298362
1 0.592334 0.703445 0.206414 0.038879 0.276871
1 0.579798 0.687394 0.190603 0.0590937 0.275771
0 0.462972 0.84287 0.0369208 0.303994 0.261962
