4 0.764858 0.800334 0.128896 0.0957467 0.61618
2 0.507817 0.813164 0.97463 0.299538 0.52478
4 0.455887 0.704098 0.0758696 0.042771 0.464114
4 0.860936 0.697565 0.278127 0.142019 0.448275
4 0.1609 0.830257 0.310182 0.254646 0.422154
2 0.651404 0.795157 0.687029 0.252189 0.401073
4 0.93576 0.715335 0.128479 0.0672209 0.393704
4 0.15967 0.793802 0.319341 0.164028 0.364634
4 0.761688 0.794054 0.128881 0.0667729 0.357377
4 0.952942 0.868547 0.0916958 0.047344 0.340868
4 0.869126 0.689877 0.254682 0.109429 0.338103
4 0.587941 0.669744 0.188032 0.0513852 0.337208
4 0.779531 0.663843 0.149803 0.0732891 0.287759
4 0.879827 0.787213 0.0717546 0.0429042 0.278162
