0 0.183669 0.886368 0.117562 0.220956 0.81673
0 0.282389 0.926209 0.0741541 0.126471 0.814635
0 0.28243 0.842164 0.0507138 0.0647794 0.606402
0 0.409927 0.809946 0.0376931 0.206298 0.581524
0 0.476965 0.864145 0.0415918 0.26289 0.57857
0 0.291751 0.920173 0.0590668 0.116642 0.53828
0 0.339436 0.756109 0.0349853 0.112452 0.531096
0 0.406714 0.854907 0.0372585 0.276341 0.509191
0 0.432224 0.692292 0.0166712 0.0838714 0.477302
0 0.306542 0.78191 0.0995169 0.185024 0.453353
0 0.330693 0.608495 0.0252365 0.0426475 0.356492
0 0.372553 0.612546 0.0431497 0.0640127 0.343073
0 0.377096 0.680762 0.060157 0.0472394 0.305232
0 0.374216 0.609123 0.0377959 0.0488923 0.294902
1 0.377945 0.681638 0.0579365 0.0438567 0.289286
0 0.189471 0.714754 0.0714919 0.0850204 0.263328
