0 0.427531 0.725344 0.0394934 0.174993 0.609093
1 0.28156 0.91565 0.30201 0.068103 0.57808
1 0.469029 0.701223 0.605657 0.0556335 0.534394
0 0.683559 0.903962 0.095234 0.119695 0.49964
1 0.408916 0.706671 0.771847 0.0561312 0.479546
0 0.42864 0.739418 0.0316801 0.170064 0.472574
0 0.100305 0.832941 0.191791 0.269598 0.426408
1 0.341544 0.71301 0.68052 0.0469791 0.408261
1 0.312173 0.711331 0.224031 0.0322831 0.298486
1 0.225189 0.713417 0.420589 0.036981 0.290278
0 0.171458 0.651657 0.11876 0.118597 0.26715
0 0.161236 0.662961 0.106581 0.103626 0.254616
