2 0.819381 0.490964 0.355594 0.578817 0.673143
1 0.44293 0.650688 0.149659 0.0419355 0.65245
3 0.228182 0.401589 0.444221 0.358186 0.624149
2 0.225398 0.565844 0.434907 0.551124 0.523443
1 0.508387 0.507907 0.306373 0.0505077 0.501871
1 0.566153 0.495105 0.426932 0.0715765 0.419524
1 0.948172 0.584356 0.103656 0.0436609 0.342473
3 0.818993 0.492057 0.36151 0.585709 0.329841
1 0.250388 0.768153 0.141116 0.0474762 0.312378
1 0.528113 0.498056 0.341634 0.0593153 0.282154
1 0.952909 0.590509 0.0937705 0.0461618 0.275107
3 0.222868 0.504201 0.445276 0.525337 0.260871
