3 0.459736 0.454328 0.387563 0.257784 0.907305
0 0.453925 0.765025 0.0722429 0.108451 0.878477
0 0.46814 0.285427 0.01528 0.0657323 0.658769
1 0.13174 0.450551 0.262524 0.0440462 0.591938
0 0.454415 0.626942 0.0734202 0.165103 0.530207
0 0.512898 0.818724 0.0379264 0.360131 0.463614
0 0.697812 0.154963 0.071566 0.0404463 0.445596
0 0.674354 0.183519 0.117634 0.102697 0.425657
1 0.72734 0.386277 0.130386 0.0356722 0.409909
0 0.511882 0.796974 0.0283863 0.405854 0.405804
1 0.741771 0.383122 0.154664 0.0457079 0.336791
