0 0.406149 0.786929 0.0133182 0.0710767 0.618056
0 0.236515 0.749936 0.050551 0.0787176 0.501741
0 0.233013 0.759686 0.0515694 0.0689568 0.39816
0 0.320061 0.63153 0.0228186 0.0353723 0.372503
0 0.378117 0.633851 0.0235876 0.0669153 0.349032
0 0.448791 0.88764 0.0230666 0.221993 0.335934
0 0.430278 0.700361 0.0321946 0.16077 0.29926
0 0.453196 0.877835 0.0282086 0.230421 0.298508
0 0.381322 0.626767 0.0278775 0.0808806 0.289982
0 0.416616 0.554579 0.0116079 0.061495 0.254496
0 0.431922 0.72587 0.0254749 0.10426 0.251267
