0 0.457688 0.749078 0.0344698 0.124189 0.642676
0 0.235535 0.748504 0.0908664 0.133518 0.580715
0 0.520444 0.867846 0.0635959 0.169864 0.505116
0 0.0963892 0.808565 0.192778 0.19791 0.414614
0 0.36808 0.628114 0.026068 0.0450886 0.410197
0 0.0840525 0.80427 0.159922 0.161187 0.334958
0 0.309509 0.64229 0.0261085 0.0390874 0.317807
0 0.4301 0.646425 0.0119905 0.0389935 0.29973
0 0.41243 0.697138 0.0268738 0.0287959 0.292726
0 0.365296 0.633664 0.0329097 0.0573272 0.279917
0 0.370119 0.622467 0.0265352 0.0320203 0.273104
