0 0.270444 0.850708 0.159713 0.294045 0.717776
0 0.056473 0.865982 0.112946 0.169449 0.710481
0 0.47061 0.724078 0.0807068 0.28389 0.638886
0 0.862865 0.71035 0.271523 0.132902 0.597864
0 0.0560625 0.843772 0.107008 0.120847 0.547191
0 0.289216 0.785518 0.173449 0.412118 0.540738
0 0.450123 0.647922 0.0385969 0.131722 0.4678
1 0.262549 0.69579 0.500151 0.0659397 0.4544
0 0.35545 0.629 0.0350381 0.0775967 0.425584
0 0.803411 0.687392 0.381698 0.172013 0.411578
1 0.161212 0.685578 0.298244 0.0428041 0.389824
1 0.448787 0.714911 0.38877 0.0403097 0.315369
1 0.352566 0.700225 0.663672 0.0639813 0.309149
0 0.869907 0.740171 0.260185 0.182729 0.288626
