0 0.288584 0.868374 0.217451 0.223455 0.851397
3 0.500523 0.626784 0.0804297 0.024141 0.703445
3 0.216961 0.747762 0.423842 0.3949 0.686318
3 0.864882 0.939417 0.158303 0.121167 0.564708
0 0.457614 0.701129 0.0394307 0.0997816 0.508173
0 0.561242 0.688312 0.0394959 0.114851 0.504142
0 0.554006 0.699292 0.0554121 0.139508 0.49132
3 0.845839 0.935548 0.115237 0.120331 0.476849
3 0.642697 0.604372 0.0588871 0.0816202 0.418025
0 0.947945 0.70431 0.104109 0.0970561 0.40321
0 0.778349 0.834852 0.072921 0.108555 0.311451
