0 0.213379 0.85071 0.0749314 0.138201 0.700051
0 0.513637 0.893421 0.0682646 0.202388 0.698408
0 0.428094 0.912647 0.043299 0.171619 0.635834
0 0.468781 0.887203 0.0337723 0.222481 0.536881
0 0.409236 0.730004 0.0264671 0.0951257 0.503266
1 0.285012 0.766997 0.276965 0.0568843 0.470632
0 0.305161 0.693714 0.0298265 0.0516243 0.36714
0 0.345443 0.814529 0.0130012 0.0477632 0.327652
0 0.346493 0.815652 0.0186418 0.0593061 0.295929
1 0.258418 0.765433 0.301206 0.0434079 0.270902
0 0.430944 0.673078 0.0711416 0.211375 0.259636
