2 0.683477 0.82439 0.357985 0.334667 0.561606
0 0.16672 0.678208 0.323631 0.198347 0.524864
0 0.377719 0.728198 0.111737 0.214863 0.468695
0 0.344224 0.618271 0.101615 0.0931873 0.404484
0 0.357542 0.76437 0.0708937 0.136227 0.400682
0 0.142498 0.788194 0.282418 0.280813 0.340197
2 0.13721 0.782842 0.272258 0.252293 0.339593
2 0.757841 0.880855 0.245447 0.230607 0.319386
2 0.152012 0.780186 0.304024 0.346454 0.312716
0 0.364733 0.751826 0.0854341 0.166581 0.290722
0 0.420046 0.644657 0.0245738 0.05059 0.254341
