0 0.305254 0.419113 0.32876 0.267589 0.883117
0 0.113696 0.0859304 0.042543 0.171264 0.623079
0 0.201028 0.205373 0.151393 0.149283 0.565853
0 0.739976 0.639841 0.519254 0.199036 0.500393
0 0.104601 0.0922377 0.0500185 0.184475 0.492125
1 0.73466 0.625854 0.528003 0.15908 0.383638
0 0.232425 0.228977 0.0889599 0.103807 0.35359
1 0.64915 0.575974 0.365684 0.064384 0.331123
0 0.769068 0.633374 0.447487 0.151919 0.319793
0 0.0465171 0.195571 0.0924959 0.077704 0.313585
0 0.241404 0.219291 0.0813915 0.145079 0.260327
