0 0.344901 0.823051 0.0955398 0.348288 0.750873
0 0.126126 0.840833 0.109541 0.142119 0.657654
0 0.644872 0.777606 0.174148 0.188431 0.465341
0 0.702706 0.835539 0.286129 0.298914 0.44984
0 0.806583 0.949357 0.0873011 0.0822187 0.439203
1 0.671658 0.695003 0.185383 0.0261471 0.406988
0 0.263361 0.665887 0.0826568 0.108845 0.366525
0 0.4703 0.63047 0.0244589 0.057036 0.317391
0 0.113982 0.847368 0.137879 0.165555 0.276842
0 0.624814 0.758906 0.212597 0.225884 0.275717
1 0.380097 0.721321 0.391512 0.052842 0.265524
1 0.21669 0.743601 0.227532 0.0345098 0.257303
0 0.877457 0.67794 0.243005 0.107388 0.256707
