3 0.834429 0.254507 0.323124 0.177747 0.864971
4 0.685645 0.643459 0.0358299 0.0610345 0.862413
0 0.931541 0.470964 0.0699818 0.171069 0.768887
1 0.950273 0.388506 0.0962551 0.0220978 0.737711
1 0.212219 0.580741 0.385216 0.0442218 0.592742
0 0.421476 0.623792 0.0190228 0.139148 0.504839
1 0.953487 0.388219 0.092264 0.0306724 0.494326
4 0.893469 0.590997 0.0508402 0.0781721 0.483796
1 0.694849 0.520398 0.545988 0.0615022 0.467958
0 0.387944 0.17102 0.114441 0.086263 0.461476
4 0.882401 0.357402 0.0278144 0.0351187 0.452594
0 0.396156 0.171137 0.0960193 0.0686534 0.414946
0 0.332636 0.0827079 0.0325198 0.0758847 0.328875
4 0.898338 0.586129 0.0389536 0.0679753 0.327482
1 0.698476 0.505678 0.517728 0.0392596 0.320885
4 0.886712 0.602118 0.0362774 0.100982 0.317883
1 0.690119 0.516032 0.506438 0.0380215 0.316929
0 0.327328 0.083987 0.0314287 0.0747794 0.299398
0 0.423084 0.620821 0.0291875 0.144116 0.276267
1 0.570886 0.238433 0.228526 0.0423534 0.264175
3 0.938289 0.25673 0.113624 0.159848 0.259973
