0 0.462523 0.803649 0.0826491 0.123279 0.864707
3 0.471665 0.470766 0.403045 0.281182 0.778803
1 0.13425 0.46635 0.262 0.0390181 0.673642
0 0.473772 0.293991 0.0177107 0.0702672 0.52629
1 0.729595 0.403405 0.0964148 0.0310236 0.444845
0 0.525217 0.811852 0.0311657 0.369553 0.440896
0 0.681698 0.191603 0.108338 0.0987463 0.403679
3 0.472984 0.527397 0.399603 0.399744 0.38723
0 0.462487 0.656249 0.0767588 0.176749 0.3715
1 0.739065 0.401559 0.133115 0.0379771 0.349997
0 0.529034 0.778875 0.0340464 0.440065 0.281755
0 0.471432 0.291673 0.0173272 0.0845498 0.261916
0 0.683729 0.190134 0.129215 0.124993 0.260649
1 0.130412 0.473825 0.260359 0.0642486 0.253152
