3 0.326377 0.0661249 0.215591 0.100447 0.896103
4 0.289307 0.224716 0.031976 0.0336132 0.771342
1 0.525777 0.306379 0.493156 0.0618288 0.659604
4 0.124418 0.279409 0.0278384 0.0346595 0.549084
1 0.394594 0.122977 0.0781591 0.0227692 0.45835
4 0.341961 0.113508 0.0172125 0.0195959 0.409948
1 0.484949 0.311986 0.475618 0.0464159 0.400511
0 0.342772 0.179297 0.0165192 0.114386 0.397373
0 0.343609 0.165909 0.0199506 0.0899054 0.327337
1 0.151674 0.228681 0.303348 0.0297871 0.320945
1 0.164909 0.224837 0.329819 0.0401592 0.29401
1 0.394122 0.120243 0.0846373 0.030199 0.267605
4 0.126014 0.280336 0.0344833 0.0402883 0.26493
