0 0.528258 0.874414 0.0610401 0.24502 0.700086
1 0.0951475 0.90767 0.190295 0.0339558 0.642486
0 0.678115 0.785927 0.0251457 0.0680252 0.548791
1 0.507261 0.731806 0.269076 0.0371687 0.51926
1 0.611708 0.734125 0.489499 0.0481731 0.515809
1 0.108861 0.903298 0.217723 0.0430197 0.382816
0 0.356215 0.723201 0.109002 0.0965584 0.359592
0 0.274897 0.894879 0.172493 0.20002 0.320071
0 0.252453 0.909471 0.125847 0.171827 0.298375
0 0.523519 0.822235 0.0721187 0.351585 0.292643
0 0.301646 0.832298 0.202088 0.326801 0.266999
