0 0.156991 0.965207 0.0348617 0.0640914 0.767877
0 0.356683 0.784778 0.032129 0.0654851 0.670032
0 0.100792 0.855604 0.188414 0.208691 0.640136
0 0.254529 0.783348 0.132805 0.24401 0.594241
0 0.37924 0.869884 0.0261571 0.108583 0.585954
0 0.514272 0.914315 0.061426 0.156455 0.549337
0 0.411374 0.96447 0.0253592 0.0669807 0.542909
0 0.410254 0.961791 0.0187494 0.068566 0.36068
1 0.296676 0.930814 0.42075 0.0404778 0.335759
1 0.252245 0.936587 0.504489 0.0498503 0.326936
1 0.106655 0.951405 0.197926 0.0678472 0.325015
0 0.426059 0.740584 0.0397 0.132031 0.295981
0 0.464861 0.807349 0.0702178 0.137481 0.290525
1 0.201775 0.939414 0.372292 0.0482798 0.275901
0 0.216325 0.856861 0.0587021 0.0971616 0.250915
