3 0.904203 0.272998 0.091273 0.0220353 0.662971
1 0.293714 0.595441 0.120086 0.0329885 0.508235
3 0.911129 0.569701 0.168766 0.232439 0.498122
1 0.928829 0.458694 0.142341 0.0455514 0.464074
3 0.227245 0.370609 0.442768 0.392147 0.459645
3 0.911847 0.633723 0.176306 0.363418 0.426813
1 0.773267 0.451816 0.122688 0.0412978 0.361914
1 0.620214 0.332986 0.424028 0.0481861 0.35181
3 0.910706 0.72336 0.178589 0.530786 0.311837
3 0.657629 0.249879 0.0685471 0.0749759 0.308023
1 0.853358 0.453359 0.292276 0.0529595 0.265471
