0 0.392113 0.923303 0.0386032 0.149286 0.776568
0 0.0662322 0.933496 0.0898277 0.124889 0.738579
0 0.366936 0.687129 0.0345454 0.176915 0.663802
0 0.418601 0.727894 0.029112 0.0976685 0.652419
0 0.364257 0.723252 0.0312988 0.242231 0.326761
0 0.362536 0.698104 0.028607 0.156748 0.324337
1 0.277226 0.770249 0.508822 0.0483555 0.320312
0 0.354723 0.819123 0.0229301 0.121671 0.302241
0 0.360653 0.742577 0.0321839 0.265541 0.290328
0 0.370106 0.597314 0.0295267 0.0574786 0.274574
0 0.352041 0.828501 0.016958 0.0966017 0.273232
