0 0.546687 0.906133 0.0690893 0.183003 0.631373
1 0.144157 0.926825 0.279125 0.126213 0.524388
1 0.259058 0.876147 0.482711 0.232229 0.409431
0 0.354165 0.62847 0.0463378 0.0663843 0.395773
0 0.503785 0.931339 0.0303361 0.129012 0.37484
0 0.432136 0.704137 0.0245063 0.102613 0.35902
0 0.114599 0.825578 0.226861 0.210643 0.348942
0 0.286783 0.704107 0.0860553 0.161146 0.311135
0 0.261657 0.654801 0.136142 0.128004 0.310471
0 0.295016 0.934037 0.0419831 0.110958 0.303188
0 0.35693 0.734879 0.0821008 0.171666 0.30126
0 0.36475 0.624515 0.0282082 0.0650385 0.29309
0 0.43142 0.708706 0.0185734 0.0854613 0.278573
1 0.346109 0.822338 0.286466 0.0905514 0.261988
0 0.0367303 0.815981 0.0725644 0.0729331 0.253832
