0 0.666778 0.696146 0.185658 0.194016 0.580559
1 0.868227 0.745522 0.263088 0.0341255 0.451605
1 0.617763 0.827875 0.606579 0.0746203 0.45148
1 0.57222 0.834087 0.455124 0.0545923 0.446747
0 0.847246 0.907575 0.126391 0.162501 0.445855
0 0.226945 0.875739 0.180413 0.247122 0.407284
0 0.643592 0.923649 0.0692816 0.152701 0.385736
0 0.749107 0.797861 0.318898 0.374752 0.378946
0 0.403233 0.695945 0.133239 0.171213 0.377045
2 0.397689 0.69766 0.148858 0.168111 0.261742
1 0.284758 0.744847 0.19635 0.0300334 0.256165
