4 0.288473 0.679942 0.196391 0.11055 0.515466
2 0.113849 0.946782 0.205684 0.098332 0.515043
4 0.316681 0.846298 0.141813 0.078169 0.51449
4 0.584727 0.720707 0.272495 0.0662234 0.503078
2 0.606554 0.752466 0.772607 0.240303 0.464987
4 0.314694 0.699094 0.138721 0.0701183 0.363112
4 0.324926 0.707326 0.120062 0.0525405 0.344335
4 0.604433 0.650744 0.0625159 0.0436142 0.303223
2 0.62032 0.788995 0.758137 0.173659 0.29542
4 0.332 0.827699 0.172853 0.117529 0.288965
4 0.557435 0.680297 0.329588 0.14708 0.276343
4 0.564295 0.70071 0.316055 0.10958 0.251059
