0 0.116719 0.542487 0.111059 0.144693 0.656601
1 0.581312 0.619728 0.381154 0.0804036 0.611862
0 0.301647 0.221854 0.121199 0.214329 0.565261
1 0.372669 0.401612 0.374062 0.0545244 0.547545
1 0.32309 0.398237 0.438062 0.0596178 0.487987
3 0.179134 0.264451 0.349124 0.361618 0.450812
0 0.764027 0.497536 0.448237 0.541473 0.398234
0 0.587685 0.289646 0.0554232 0.0926974 0.33668
0 0.886879 0.676287 0.208659 0.202201 0.312945
1 0.331588 0.492244 0.205029 0.050375 0.289579
3 0.170841 0.334041 0.341363 0.48247 0.279079
2 0.700387 0.52555 0.596675 0.572623 0.257561
